Eviteur obstacle :
sur 400 iterations :
337.166698391 : [3.5776001133489457, 9.800573957928238, 7.752209690125399, -3.1757329381074175, -3.1502385813342215, 9.83731340054506, 8.075347053871232, -6.9345643488582756, -9.280205901393659, -5.147548503937798, -5.158691288746519, 9.58473376030764, 5.880478277263066, -2.587942764220085, 3.769803438041396, 3.023045159429685]

sur 600 iterations :

fitness = 468.204747995 
[-3.471999678077074, 6.166347212003269, -5.266981269863431, 5.026304223187391, -3.7766123088848063, -4.640392525311177, 3.027470994766188, 8.65711204385062, 0.5584461976412133, -8.94477827775766, -10.114341015652649, -1.6880181943202368, 6.899959576114447, 8.808834664353995, 5.100220459845494, -0.36560665440430223]

Eviteur obstacle : avec surface :
best: 102.141730312 :
[-9.779702947090964, -6.2047812734380585, -3.3510386908670626, 2.839691616825175, -6.08391113190716, -5.033014613401385, -7.721968584567883, -1.9379534159728402, 7.298465231863062, -4.1853339512872765, -3.7824615456503006, 9.252301148500491, -4.441908092818769, -2.3555547467196543, -0.8778214425131664, -0.46148403711396513]


best: 180.408357236 :
[-6.170175441329465, -4.096280393460923, 4.1865171965436785, 9.572678982206027, 5.16531003010821, -9.400571862010525, 1.4401351262717228, -3.5551904942922716, -8.101388776968475, 4.284566237487959, 5.6658673719462, 4.677705103890363, -7.978055428755085, 7.871821159858346, -2.6532640669188736, -4.231807064475596]


Eviteur obstacle avec surfaceet biais :
fitness = 145.977299086
params = [0.7720122718639411, 7.998273010441821, -0.3943547820576982, -0.020616424081705404, 7.413656032653082, -3.3067498589852686, -5.70906926426332, 8.23257728290516, -7.068351587133381, -10.01849019654961, 3.6464366841141502, -6.208635439303122, -8.701892822852477, 8.711314534868706, 5.468541484391829, 3.6294498981427563, 8.605779443597212, -6.0600170837942]

Eviteur obstacle avec biais : ++++
fitness = 409
[-1.1719427543942729, 2.52241200410624, 2.0210635761735922, -2.8471113333955698, 8.234629951010302, -3.649609246441696, 2.1467972977511263, 6.478081069476426, -0.30065824983283246, -5.306355819663959, -7.860142925479635, -2.7977874524058066, 3.569491358978408, 10.215622116003901, 0.5604236072525166, 0.38689903086526817, 1.0813827478458653, 0.6667881304398058]

570
[4.124420202914652, 16.506331377161136, 14.58498958190671, 5.932803166629465, 7.655865185197175, -0.7398558895774701, -13.389780793330841, 1.6670934311209107, 7.818719852559952, 1.7025567640271684, -0.09084416815066731, -9.378306812277009, -5.098017161407327, -5.866256277697041, 5.947710639739523, -1.4698221586261302, 4.343389311365509, 13.635339896751374]

Suivre mur avec amelioration :
fitness : 232
[-1.2175710370950874, 2.5461444454417284, 1.9991313397733226, -2.859501139640567, 8.221743064786263, -3.636605464332494, 2.1371781708863207, 6.464667942937713, -0.30066183176784295, -5.249001209353007, -7.8412087104611405, -2.794270707589429, 3.5820446755638717, 10.185755930851892, 0.5891015997843388, 0.3374465989643442, 1.1061884045375874, 0.7254519997717168]




SUIVRE MUR : POUR SUBSONPTION
fitness = 409
[-1.1719427543942729, 2.52241200410624, 2.0210635761735922, -2.8471113333955698, 8.234629951010302, -3.649609246441696, 2.1467972977511263, 6.478081069476426, -0.30065824983283246, -5.306355819663959, -7.860142925479635, -2.7977874524058066, 3.569491358978408, 10.215622116003901, 0.5604236072525166, 0.38689903086526817, 1.0813827478458653, 0.6667881304398058]



NOUVELLE METHODE AVEC SURFACE ET ENTRE -1 ET 1:
fitness : 154
[-0.05246010694071394, 0.9661410513982641, -0.9526459563899011, -0.9260259250481514, 0.005840084344362827, -0.9605964440123957, -0.984372494945395, -0.9994633777332248, -0.955262708203017, 0.05504370176363031, 0.9297942410627368, 1, 0.01351870279543737, 0.05052818103390906, -0.9574120935228783, -0.020258592352274413]



EVITEUR OBSTACLE AVEC NEURONE CACHÉ :
	Fitness = 436
    params=[-6.985022602006568, 5.995428315080351, 4.004082421230036, 4.010334472251971, 6.011153100303924, 4.005446884713589, -8.997209639019978, -0.023397731821278474, -9.008479569815016, -7.992880320096186, 9.984168597149813, 3.9480124677180735, 1.988610256689322, -5.976680686653418, -6.988074169452445, -4.9946899984465825, 7.03533541244407, 3.038730476283807, 6.986132810097459, 5.987394747425505, 5.981595969414164, -2.0390777176073174, -5.001927816762562]
