0
0.0
0.0
0.0
0.0
0.0
0.0
0.297784291755
0.459904610293
0.0
0.0
0.0
0.0
0.45925567388
0.0
0.0
0.0
0.0
0.0
0.0
0.0
0.203649067049
0.0
0.0
0.0
0.255025045167
0.0
0.0
0.0
0.636414928276
0.205774770868
0.0
0.0
0.0
0.0
0.0
0.0
0.0546037894305
0.0
0.0
0.0
0.0
0.0
0.0
0.0
0.0
0.0
0.0
0.0
0.0
0.0
0.0
0.0
0.0278059117553
0.0
0.0
0.0
0.0
0.0
0.0
0.0
0.0
0.0
0.0
0.0
0.0
0.741149407922
0.0
0.0
1.01379211708
0.0
0.00665026334303
5.34562050947
0.0
0.0997024490386
0.0
2.815148564
0.0
0.0
0.0
0.0
0.0
0.0
0.581644353791
0.00284664592952
0.0
0.0
0.0
0.0
0.0
0.0
0.0
0.0
0.0
0.0
0.0
0.0
1.20167293174
0.0
0.0
0.0
1.1849263484
0.0
0.0
0.0
0.0
2.30692029494e-06
0.0
10.2716739401
0.0
2.30554395736e-10
0.0
9.35540796622e-07
0.0
0.0
0.444532720952
0.0
0.0
0.0
0.0
0.0
0.0
0.0
0.0
0.0
0.0
0.0
0.0
0.0
1.30286459244
0.0
0.0
4.73737440053
0.0
0.0
0.0
0.0
0.0
0.112806956709
0.0
0.0
0.0
0.0
0.0
0.0988255990387
0.0
0.0
0.0
0.0
3.62205843874
0.0
0.0
0.0
0.0
0.0
0.0
0.0
0.0
0.0
0.0
0.0
10.4633317137
0.0
1.5428846499
0.0
60.8610151539
0.0
0.686749142664
1.52031789486
0.0
50.768184563
0.0
0.0
23.0742382706
0.0
0.0
0.0
0.0
13.8063524616
0.0
0.0
0.0
0.0
0.0
0.0
2.36532493781e-07
0.0
0.0
0.0
0.0
0.0
7.10810826723
0.0
0.0
0.0
0.0
0.0
0.0
0.0
0.0
0.0
0.0
1.6880043963
0.0
0.0
0.0
0.0
0.0
0.597309410612
0.0
0.0
1.22890736347
0.0
0.0
0.0
0.0
0.0
0.0
0.0
0.0
0.848722522108
0.0
0.0
0.0
0.0
111.41566159
0.0
0.0
0.0
0.0
0.0
0.0
0.0
0.115563812453
0.0
0.0
0.0
0.0
0.0
0.0
0.0
0.0
0.0
0.0
0.0
0.0
0.0
0.0
55.3392545972
0.0
0.0
0.0
1.39406951434
0.0
0.0
0.130328952074
0.401128884604
0.0
0.0
0.0
0.0
0.0
0.0
0.0
0.0
0.0
4.44576532436
0.0
3.89905260292
0.548148493633
5.95569246082
0.0
0.0
12.6810974166
0.342796371286
0.0
0.0
0.0
0.750895399733
0.0
0.299474137894
0.0
0.0
0.0
0.0
0.0
0.0
0.0
10.5895409665
0.0
0.0
0.0
0.264492090882
0.0
0.0
16.6508229951
0.0
11.0991926864
0.0
0.0
0.0
116.499170469
134.845564314
197.166547303
174.529637967
199.564844756
211.459558754
208.245286176
245.850235014
243.945848611
196.208865233
268.767236749
205.69508323
255.22297944
153.927917971
182.289201947
170.35270102
193.378052419
181.231404823
219.100968379
230.035216231
243.146116436
237.044740021
158.847179728
185.439457775
225.750450735
202.079579317
207.620957742
252.698749794
144.818353417
244.43178479
259.970206673
237.035774662
231.26130382
235.594976256
208.653302409
243.5566204
253.321620494
229.47061449
242.253714506
256.79266949
129.606062943
251.485579229
216.3742211
210.19582751
234.960771783
200.842204139
238.748534481
143.722668474
227.362468313
220.900460049
214.949170791
237.209654975
210.882672128
222.384657165
248.37851293
197.34503732
203.747723484
237.533370206
214.436704185
187.539125283
214.12701989
144.555562473
178.418217366
249.258696924
190.535818262
197.967070641
151.444092464
199.58863856
238.791076241
217.503477611
219.370862197
253.940282416
227.62739067
151.261633981
271.615816382
190.696896991
250.571042696
210.248527393
160.322610265
181.461167231
198.421811722
215.783304726
197.070843344
189.105038846
174.432089359
231.526310364
192.601374088
269.42381686
172.128113317
191.95433817
220.121543688
239.334797128
232.503885672
201.439867753
244.619226931
227.373303606
149.307399856
261.998571204
206.947983682
233.007060793
155.219060735
243.970100747
192.630933438
202.794231905
199.036474682
207.766089473
142.670872086
234.523493912
257.576720741
228.801040067
205.967146145
157.391899223
184.166425222
220.528550421
210.486225764
222.282974482
199.932290227
105.61897526
146.253266705
233.953660423
160.731940764
239.56353198
211.114939166
247.095048378
161.003716177
130.092554351
160.514174956
226.814568136
206.408012146
171.945675077
162.004716992
230.427009321
178.536874427
208.218892871
184.226760415
209.545328985
134.360381567
160.217061533
156.049136996
222.489898051
219.908556081
189.805872374
244.06374478
201.587671062
259.165304831
163.291000262
197.911784613
262.378650884
166.783957894
228.369075015
222.13510828
253.905486424
224.404840201
156.884501127
177.212008332
152.547143848
212.005068247
234.802962169
182.120955995
263.659885636
162.856979957
188.755987967
170.129927789
188.737652644
248.176622525
182.444462214
216.236556783
258.010524674
162.820739369
195.085798748
195.189525296
209.147051692
210.068539223
225.274333686
260.174191852
188.493705005
251.797741549
240.187002341
198.953339746
224.907490687
228.537495853
237.737578417
206.967428969
240.268311442
158.762939104
192.557698088
130.587172185
263.448286533
193.124501638
226.954156342
202.207849533
168.757726061
247.645868967
214.652357933
224.835215344
230.61819679
125.972143549
233.118172049
142.675831026
229.236180017
188.538767893
229.127757043
248.538262719
210.318495256
232.726641153
162.006164615
247.946466634
154.444407718
223.879317964
167.658904776
264.082157274
237.294215073
209.835897911
231.190771588
171.53397276
162.635274447
221.701251199
211.304720945
173.00676612
186.117719814
260.915720915
204.368660561
214.652088561
248.382019912
190.333880397
226.216470414
197.536667785
226.456605524
179.724672406
194.588182526
176.359074486
156.293840277
259.699475972
175.751748411
228.208769539
248.463964865
150.742474804
190.840219986
230.15465972
262.776713216
201.97761487
216.533765198
166.853446347
136.924993961
223.341952794
201.460831347
235.954768518
148.147482379
263.134778757
208.963911833
265.343598462
169.081622485
160.140341673
168.49044111
219.859408229
243.026036999
203.825384679
217.401192503
233.082003689
244.945055929
180.230288352
161.190725045
233.460206524
184.949571319
219.00428989
220.625726024
238.403808371
200.372292938
109.353805243
147.492017922
170.42207308
201.530860659
241.908550175
234.812673152
181.878016638
251.756138844
246.035176477
177.694944938
221.725461605
224.979040127
200.249313811
250.238258597
243.604123324
211.501351575
210.13892939
206.023322879
239.372186079
212.10178761
139.793118539
226.187019227
240.743522413
233.579617863
187.839567228
241.769540234
241.95218106
124.795643298
245.152063816
215.690806029
207.486333266
172.806111605
